Substrate parameters:
	Lenght_X = 5
	Lenght_Y = 5
	Dimension = 10
Particle parameters:
	Position_X = 2.5
	Position_Y = 4
	Charge_value = 1
Particle parameters:
	Position_X = 3
	Position_Y = 3
	Charge_value = 1
Data:
0.100499 0.119628 0.142497 0.168889 0.197561 0.225755 0.249042 0.261954 0.26 0.242735 0.115574 0.141538 0.174484 0.215208 0.262931 0.313846 0.36 0.38914 0.387931 0.352941 0.131718 0.166526 0.213889 0.277647 0.36 0.457516 0.557692 0.635294 0.644444 0.56 0.147712 0.193119 0.26 0.360153 0.507692 0.707692 0.944444 1.2 1.30769 1.02222 0.161538 0.217931 0.308108 0.461538 0.735294 1.2 1.8 2.8 4.5 2.30769 0.170608 0.235479 0.346405 0.56 1.05 2.44444 5 6 inf 4.4 0.17265 0.24 0.358108 0.598291 1.23529 4.4 inf 6 5 2.44444 0.166932 0.229318 0.335294 0.537931 1 2.30769 4.5 2.8 1.8 1.2 0.154795 0.206897 0.288889 0.425339 0.66 1.02222 1.30769 1.2 0.944444 0.707692 0.138889 0.179186 0.236923 0.319783 0.432692 0.56 0.644444 0.635294 0.557692 0.457516 
